0
-0.0412325896322727
-0.0815560445189476
-0.120970979332924
-0.159478470683098
-0.197079449892044
-0.233774721622467
-0.269565224647522
-0.304451882839203
-0.338435739278793
-0.371517390012741
-0.403697967529297
-0.434978425502777
-0.465359419584274
-0.494841933250427
-0.52342700958252
-0.5511155128479
-0.577908098697662
-0.603805899620056
-0.628809750080109
-0.652920603752136
-0.676139235496521
-0.698466539382935
-0.719903588294983
-0.740451037883759
-0.760109841823578
-0.778881013393402
-0.796765327453613
-0.813763737678528
-0.829877078533173
-0.845106244087219
-0.859452128410339
-0.872915625572205
-0.885497510433197
-0.897198855876923
-0.908020436763763
-0.917963147163391
-0.927027821540833
-0.935215353965759
-0.942526578903198
-0.948962569236755
-0.954523980617523
-0.959211766719818
-0.963026881217957
-0.965970039367676
-0.968042254447937
-0.969244360923767
-0.969577193260193
-0.969041705131531
-0.926406264305115
-0.883813083171845
-0.841262698173523
-0.798754811286926
-0.75628936290741
-0.713866412639618
-0.671485900878906
-0.629147827625275
-0.586851894855499
-0.544598460197449
-0.502387166023254
-0.460218042135239
-0.418091148138046
-0.376006424427032
-0.333963692188263
-0.29196298122406
-0.250004321336746
-0.208087652921677
-0.166212826967239
-0.124379836022854
-0.0825887843966484
-0.0408394895493984
0.000868136703502387
0.0425339601933956
0.0841581374406815
0.125740692019463
0.167281687259674
0.208781108260155
0.250239104032517
0.291655600070953
0.333030700683594
0.374364376068115
0.415656805038452
0.45690792798996
0.49811777472496
0.539286494255066
0.580413937568665
0.621500372886658
0.662545680999756
0.703549981117249
0.744513154029846
0.785435438156128
0.826316833496094
0.867157399654388
0.907957077026367
0.948715925216675
0.989434123039246
1.03010582923889
0.987409114837647
0.944755077362061
0.902143836021423
0.859575152397156
0.817048966884613
0.77456533908844
0.732124209403992
0.689725518226624
0.647369027137756
0.605055093765259
0.562783479690552
0.520553946495056
0.478366792201996
0.436221837997437
0.394118964672089
0.35205814242363
0.310039460659027
0.268062800168991
0.226128041744232
0.184235215187073
0.142384380102158
0.100575350224972
0.0588080585002899
0.0170826278626919
-0.0246010981500149
-0.0662431567907333
-0.107843577861786
-0.149402365088463
-0.190919667482376
-0.23239541053772
-0.273829698562622
-0.315222561359406
-0.356574058532715
-0.397884219884872
-0.439153015613556
-0.480380535125732
-0.521566867828369
-0.562712073326111
-0.603816032409668
-0.64487898349762
-0.685900807380676
-0.726881623268127
-0.767821490764618
-0.808720469474793
-0.849578499794006
-0.890395641326904
-0.931172013282776
-0.971901834011078
-0.929263710975647
-0.886667668819428
-0.844114422798157
-0.801603674888611
-0.75913542509079
-0.716709613800049
-0.674326300621033
-0.631985306739807
-0.589686572551727
-0.547430276870728
-0.505216181278229
-0.463044166564941
-0.420914471149445
-0.378826856613159
-0.336781322956085
-0.294777780771256
-0.252816319465637
-0.210896834731102
-0.169019192457199
-0.127183377742767
-0.0853895097970963
-0.0436374023556709
-0.00192697846796364
0.0397416427731514
0.0813686102628708
0.122953966259956
0.164497748017311
0.205999970436096
0.247460722923279
0.28888002038002
0.330257892608643
0.371594399213791
0.412889569997788
0.454143464565277
0.495356053113937
0.536527514457703
0.577657818794251
0.618746936321259
0.659794986248016
0.700801968574524
0.741768002510071
0.782693088054657
0.823577284812927
0.864420533180237
0.905222892761231
0.945984542369843
0.986705422401428
1.02737390995026
0.98468005657196
0.942028701305389
0.899420142173767
0.856854140758514
0.814330577850342
0.771849632263184
0.729411244392395
0.687015235424042
0.644661486148834
0.602350234985352
0.560081362724304
0.517854571342468
0.4756700694561
0.433527827262878
0.391427606344223
0.349369496107101
0.307353526353836
0.265379548072815
0.223447486758232
0.181557327508926
0.139709159731865
0.0979027971625328
0.0561381801962853
0.0144154131412506
-0.0272656437009573
-0.0689050406217575
-0.110502801835537
-0.152058959007263
-0.193573564291
-0.235046669840813
-0.276478320360184
-0.317868530750275
-0.359217345714569
-0.400524824857712
-0.441790997982025
-0.483015894889832
-0.524199664592743
-0.56534218788147
-0.606443583965302
-0.647503852844238
-0.688523054122925
-0.729501247406006
-0.770438551902771
-0.811334848403931
-0.852190256118774
-0.893004834651947
-0.933778643608093
-0.974499881267548
-0.931859135627747
-0.889260530471802
-0.846704721450806
-0.80419135093689
-0.761720538139343
-0.719292104244232
-0.676906108856201
-0.634562611579895
-0.59226131439209
-0.55000239610672
-0.507785737514496
-0.465611159801483
-0.423478901386261
-0.381388753652573
-0.339340627193451
-0.297334492206574
-0.255370497703552
-0.213448449969292
-0.171568259596825
-0.129729896783829
-0.0879334956407547
-0.0461788326501846
-0.00446586823090911
0.0372052900493145
0.0788347944617271
0.120422683656216
0.161969006061554
0.203473746776581
0.244937032461166
0.286358833312988
0.327739238739014
0.369078248739243
0.41037592291832
0.451632350683212
0.492847442626953
0.534021377563477
0.575154185295105
0.616245806217194
0.657296359539032
0.69830584526062
0.739274382591248
0.78020191192627
0.821088552474976
0.861934304237366
0.90273916721344
0.943503260612488
0.984226584434509
1.02489185333252
0.982200384140015
0.939551532268524
0.896945416927338
0.854381918907166
0.811860918998718
0.769382476806641
0.726946532726288
0.684553027153015
0.642201721668243
0.599892973899841
0.55762642621994
0.51540207862854
0.473220080137253
0.431080281734467
0.388982504606247
0.346926808357239
0.304913282394409
0.262941718101501
0.221012100577354
0.179124355316162
0.137278616428375
0.0954746827483177
0.0537124872207642
0.011992147192359
-0.0296864863485098
-0.071323461830616
-0.112918816506863
-0.154472559690475
-0.195984750986099
-0.237455457448959
-0.278884708881378
-0.320272505283356
-0.361618936061859
-0.402924031019211
-0.444187760353088
-0.485410302877426
-0.526591658592224
-0.567731738090515
-0.608830809593201
-0.649888634681702
-0.690905511379242
-0.731881380081177
-0.772816300392151
-0.81371021270752
-0.854563236236572
-0.895375430583954
-0.936146855354309
-0.976860046386719
-0.934216916561127
-0.891615986824036
-0.849057793617249
-0.806542098522186
-0.764068841934204
-0.721638143062592
-0.679249882698059
-0.636904001235962
-0.594600319862366
-0.55233907699585
-0.510120093822479
-0.46794319152832
-0.425808608531952
-0.383716106414795
-0.341665685176849
-0.299657255411148
-0.257690906524658
-0.215766534209251
-0.173884019255638
-0.132043331861496
-0.0902446135878563
-0.0484876483678818
-0.00677237426862121
0.0349010899662972
0.0765329003334045
0.118123084306717
0.159671694040298
0.201178759336472
0.242644309997559
0.284068405628204
0.325451105833054
0.366792410612106
0.408092349767685
0.449351042509079
0.490568459033966
0.531744718551636
0.572879731655121
0.613973617553711
0.655026435852051
0.69603818655014
0.737008988857269
0.777938783168793
0.818827629089356
0.859675645828247
0.900482833385468
0.941249132156372
0.981974720954895
1.02263641357422
0.97994726896286
0.937300682067871
0.894696831703186
0.852135539054871
0.80961674451828
0.767140567302704
0.724706828594208
0.682315528392792
0.639966547489166
0.597660005092621
0.555395781993866
0.513173699378967
0.470993876457214
0.428856313228607
0.386760771274567
0.344707310199738
0.302695989608765
0.260726660490036
0.218799233436584
0.176913723349571
0.135070204734802
0.093268483877182
0.0515084974467754
0.00979036092758179
-0.0318860709667206
-0.0735208466649056
-0.115113995969296
-0.156665533781052
-0.198175549507141
-0.239644080400467
-0.281071126461029
-0.32245671749115
-0.363800942897797
-0.405103862285614
-0.446365416049957
-0.487585753202438
-0.528764963150024
-0.569902896881104
-0.610999703407288
-0.652055442333221
-0.693070113658905
-0.734043776988983
-0.774976491928101
-0.815868318080902
-0.856719195842743
-0.897529244422913
-0.938298463821411
-0.979003846645355
-0.936358571052551
-0.893755435943604
-0.851195096969605
-0.808677315711975
-0.766201972961426
-0.723769128322601
-0.681378722190857
-0.639030694961548
-0.59672486782074
-0.554461479187012
-0.512240409851074
-0.470061391592026
-0.427924692630768
-0.385830104351044
-0.343777507543564
-0.301766991615295
-0.259798526763916
-0.217872053384781
-0.175987422466278
-0.134144634008408
-0.0923438221216202
-0.0505847483873367
-0.00886737834662199
0.032808180898428
0.0744420811533928
0.116034358739853
0.157585069537163
0.199094206094742
0.240561842918396
0.281988024711609
0.323372781276703
0.364716172218323
0.406018227338791
0.44727897644043
0.488498449325562
0.529676795005798
0.570813894271851
0.611909866333008
0.652964770793915
0.693978548049927
0.734951436519623
0.775883316993713
0.816774249076843
0.857624292373657
0.898433566093445
0.939201951026917
0.979929566383362
1.020587682724
0.977900505065918
0.935255944728851
0.892654120922089
0.85009491443634
0.807578086853027
0.765103936195374
0.7226722240448
0.680283010005951
0.637935996055603
0.59563148021698
0.553369283676148
0.511149227619171
0.468971461057663
0.426835894584656
0.384742349386215
0.342690914869308
0.300681620836258
0.258714318275452
0.216788917779922
0.174905404448509
0.133063897490501
0.0912641808390617
0.0495061986148357
0.00779006397351623
-0.0338843688368797
-0.0755171477794647
-0.117108307778835
-0.158657863736153
-0.200165867805481
-0.241632387042046
-0.283057451248169
-0.324441075325012
-0.365783303976059
-0.407084226608276
-0.448343843221664
-0.489562213420868
-0.530739426612854
-0.571875393390656
-0.612970232963562
-0.654024004936218
-0.69503664970398
-0.736008405685425
-0.776939153671265
-0.817829012870789
-0.858677864074707
-0.899485945701599
-0.94025319814682
-0.980950832366943
-0.938303649425507
-0.895698666572571
-0.853136420249939
-0.810616612434387
-0.76813930273056
-0.725704550743103
-0.683312177658081
-0.640962243080139
-0.598654508590698
-0.556389272212982
-0.514166235923767
-0.471985280513763
-0.429846614599228
-0.387750118970871
-0.345695614814758
-0.303683161735535
-0.261712789535522
-0.219784408807755
-0.177897870540619
-0.136053174734116
-0.0942504554986954
-0.05248948559165
-0.0107702119275928
0.0309072490781546
0.0725430473685265
0.114137224853039
0.155689835548401
0.197200864553452
0.238670393824577
0.280098468065262
0.321485102176666
0.362830370664597
0.404134273529053
0.445396959781647
0.486618280410767
0.527798473834992
0.568937480449677
0.610035300254822
0.651092052459717
0.692107796669006
0.733082473278046
0.774016261100769
0.814909100532532
0.855760991573334
0.896572053432465
0.937342345714569
0.978071868419647
1.01872611045837
0.976040840148926
0.933398187160492
0.890798211097717
0.848240792751312
0.805725932121277
0.763253629207611
0.720823764801025
0.678436398506165
0.636091232299805
0.593788504600525
0.55152815580368
0.509309947490692
0.46713399887085
0.42500028014183
0.382908582687378
0.340858995914459
0.298851519823074
0.256886065006256
0.214962482452393
0.173080801963806
0.131241127848625
0.0894432291388512
0.0476870648562908
0.00597274815663695
-0.0356998667120934
-0.0773308277130127
-0.118920169770718
-0.160467907786369
-0.201974123716354
-0.243438825011253
-0.284862071275711
-0.326243907213211
-0.367584347724915
-0.408883512020111
-0.450141280889511
-0.491357862949371
-0.532533288002014
-0.573667466640472
-0.614760518074036
-0.655812501907349
-0.696823358535767
-0.737793326377869
-0.778722286224365
-0.819610357284546
-0.860457539558411
-0.90126383304596
-0.942029356956482
-0.982719540596008
-0.940070569515228
-0.897463738918304
-0.854899644851685
-0.812378108501434
-0.769899070262909
-0.727462530136108
-0.685068488121033
-0.642716765403748
-0.600407302379608
-0.558140277862549
-0.515915453433991
-0.473732799291611
-0.431592404842377
-0.389494150876999
-0.347437918186188
-0.305423736572266
-0.263451635837555
-0.221521481871605
-0.179633229970932
-0.13778680562973
-0.0959823355078697
-0.0542196296155453
-0.0124986227601767
0.0291805677115917
0.0708180963993073
0.112414002418518
0.153968334197998
0.195481091737747
0.236952349543571
0.278382152318954
0.319770514965057
0.361117541790009
0.402423143386841
0.443687528371811
0.484910577535629
0.52609246969223
0.567233204841614
0.608332753181458
0.649391174316406
0.69040858745575
0.731384992599487
0.772320449352264
0.813214957714081
0.854068636894226
0.894881367683411
0.935653328895569
0.976384520530701
1.01703464984894
0.974351108074188
0.931710124015808
0.889111876487732
0.846556186676025
0.804042994976044
0.761572360992432
0.719144225120544
0.676758468151093
0.634415030479431
0.592114090919495
0.549855351448059
0.507638812065125
0.465464532375336
0.423332452774048
0.381242454051971
0.339194506406784
0.297188699245453
0.255224883556366
0.213302969932556
0.171422943472862
0.129584908485413
0.0877886712551117
0.0460341684520245
0.00432150578126311
-0.037349458783865
-0.0789787694811821
-0.120566472411156
-0.162112563848495
-0.203617125749588
-0.245080202817917
-0.286501824855804
-0.327881991863251
-0.369220823049545
-0.410518288612366
-0.451774448156357
-0.492989391088486
-0.534163177013397
-0.575295746326447
-0.616387188434601
-0.65743750333786
-0.698446750640869
-0.739415109157562
-0.78034245967865
-0.821228861808777
-0.862074375152588
-0.902879118919373
-0.943642973899841
-0.984325766563416
-0.941675126552582
-0.899066686630249
-0.856501042842865
-0.813977897167206
-0.771497249603272
-0.729059100151062
-0.686663329601288
-0.644310057163239
-0.60199898481369
-0.559730350971222
-0.517503976821899
-0.475319713354111
-0.433177709579468
-0.391077876091003
-0.349020063877106
-0.307004272937775
-0.265030592679977
-0.223098874092102
-0.181209027767181
-0.139361038804054
-0.0975550040602684
-0.0557907298207283
-0.0140681518241763
0.0276126079261303
0.0692517012357712
0.110849171876907
0.152405068278313
0.193919390439987
0.235392212867737
0.276823580265045
0.318213492631912
0.359562039375305
0.400869220495224
0.442135155200958
0.483359754085541
0.524543166160584
0.565685451030731
0.606786549091339
0.647846579551697
0.688865542411804
0.729843497276306
0.770780503749847
0.811676502227783
0.852531671524048
0.893346011638641
0.934119462966919
0.974852204322815
1.01549816131592
0.972816169261932
0.930176675319672
0.887579917907715
0.845025777816773
0.80251407623291
0.760044991970062
0.717618405818939
0.675234198570252
0.63289225101471
0.590592801570892
0.548335552215576
0.506120562553406
0.463947772979736
0.421817272901535
0.379728764295578
0.337682336568832
0.295678049325943
0.253715753555298
0.211795330047607
0.169916808605194
0.128080293536186
0.0862855538725853
0.044532548636198
0.00282139098271728
-0.0388480722904205
-0.080475889146328
-0.122062087059021
-0.163606688380241
-0.205109760165215
-0.246571347117424
-0.287991464138031
-0.32937017083168
-0.370707482099533
-0.412003487348557
-0.453258156776428
-0.49447163939476
-0.535643935203552
-0.576774954795837
-0.617864966392517
-0.658913791179657
-0.699921607971191
-0.740888476371765
-0.781814336776733
-0.822699308395386
-0.863543391227722
-0.904346585273743
-0.945109009742737
-0.985784649848938
-0.94313257932663
-0.900522708892822
-0.857955634593964
-0.81543105840683
-0.772948980331421
-0.730509400367737
-0.688112199306488
-0.645757496356964
-0.603444933891296
-0.561174869537354
-0.518947064876556
-0.476761341094971
-0.434617936611176
-0.392516672611237
-0.350457400083542
-0.308440208435059
-0.266465067863464
-0.224531933665276
-0.18264065682888
-0.140791237354279
-0.0989837646484375
-0.0572180598974228
-0.0154940588399768
0.026188125833869
0.0678286477923393
0.109427534043789
0.150984853506088
0.192500591278076
0.233974814414978
0.275407612323761
0.31679892539978
0.358148902654648
0.399457514286041
0.440724819898605
0.481950849294663
0.523135662078857
0.564279317855835
0.605381846427918
0.646443247795105
0.687463641166687
0.728443026542664
0.769381403923035
0.810278832912445
0.85113537311554
0.891951024532318
0.93272590637207
0.973460078239441
1.01410174369812
0.971421122550964
0.928783059120178
0.886187672615051
0.843634843826294
0.801124572753906
0.758656919002533
0.71623170375824
0.673848867416382
0.631508350372315
0.589210271835327
0.546954393386841
0.5047407746315
0.462569415569305
0.420440256595612
0.378353089094162
0.336308062076569
0.294305145740509
0.252344220876694
0.210425183176994
0.168548032641411
0.126712888479233
0.0849195122718811
0.043167881667614
0.00145808362867683
-0.0402100160717964
-0.0818364694714546
-0.123421303927898
-0.16496454179287
-0.206466242671013
-0.247926458716393
-0.289345234632492
-0.330722570419312
-0.372058570384979
-0.413353204727173
-0.454606533050537
-0.495818674564362
-0.536989569664002
-0.578119277954102
-0.619207918643951
-0.660255432128906
-0.701261878013611
-0.74222731590271
-0.783151865005493
-0.82403552532196
-0.864878177642822
-0.905680060386658
-0.946441113948822
-0.987109661102295
-0.944456279277802
-0.901845097541809
-0.859276652336121
-0.816750705242157
-0.774267315864563
-0.731826424598694
-0.689427971839905
-0.647071897983551
-0.604758024215698
-0.56248664855957
-0.520257532596588
-0.478070497512817
-0.435925781726837
-0.393823206424713
-0.351762622594833
-0.309744119644165
-0.267767667770386
-0.225833222270012
-0.183940649032593
-0.142089918255806
-0.100281149148941
-0.0585141442716122
-0.0167888458818197
0.0248946361243725
0.0665364488959312
0.108136638998985
0.149695247411728
0.191212266683579
0.232687801122665
0.274121880531311
0.315514504909515
0.356865733861923
0.398175597190857
0.439444243907928
0.480671525001526
0.521857678890228
0.563002586364746
0.604106426239014
0.645169079303742
0.686190724372864
0.727171361446381
0.768110990524292
0.809009730815888
0.849867522716522
0.890684485435486
0.931460618972778
0.972196042537689
1.01283323764801
0.97015392780304
0.927517116069794
0.884922981262207
0.842371463775635
0.799862563610077
0.757396161556244
0.714972198009491
0.672590672969818
0.630251407623291
0.587954521179199
0.545700013637543
0.503487586975098
0.461317479610443
0.41918957233429
0.377103686332703
0.335059881210327
0.293058216571808
0.251098543405533
0.209180757403374
0.167304858565331
0.12547093629837
0.083678811788559
0.0419284217059612
0.000219866633415222
-0.0414469987154007
-0.0830722078680992
-0.124655805528164
-0.166197806596756
-0.20769827067852
-0.249157249927521
-0.290574789047241
-0.331950902938843
-0.37328565120697
-0.414579093456268
-0.455831170082092
-0.497042059898376
-0.538211822509766
-0.57934033870697
-0.62042772769928
-0.661474049091339
-0.702479302883148
-0.743443608283997
-0.784366846084595
-0.825249314308167
-0.866090774536133
-0.906891465187073
-0.947651326656342
-0.988312959671021
-0.945658385753632
-0.903046011924744
-0.86047637462616
-0.817949235439301
-0.775464653968811
-0.733022570610046
-0.690622925758362
-0.648265659809113
-0.605950593948364
-0.563678026199341
-0.521447718143463
-0.479259490966797
-0.437113583087921
-0.395009815692902
